Generation 0
00000000
00110000
00100000
00000100
00001100
Generation 1
00000000
00110000
00110000
00001100
00001100
Generation 2
00000000
00110000
00100000
00000100
00001100
Generation 3
00000000
00110000
00110000
00001100
00001100
Generation 4
00000000
00110000
00100000
00000100
00001100
Generation 5
00000000
00110000
00110000
00001100
00001100
Generation 6
00000000
00110000
00100000
00000100
00001100
Generation 7
00000000
00110000
00110000
00001100
00001100
Generation 8
00000000
00110000
00100000
00000100
00001100
Generation 9
00000000
00110000
00110000
00001100
00001100
Generation 10
00000000
00110000
00100000
00000100
00001100
Generation 11
00000000
00110000
00110000
00001100
00001100
Generation 12
00000000
00110000
00100000
00000100
00001100
Generation 13
00000000
00110000
00110000
00001100
00001100
Generation 14
00000000
00110000
00100000
00000100
00001100
Generation 15
00000000
00110000
00110000
00001100
00001100
Generation 16
00000000
00110000
00100000
00000100
00001100
Generation 17
00000000
00110000
00110000
00001100
00001100
Generation 18
00000000
00110000
00100000
00000100
00001100
Generation 19
00000000
00110000
00110000
00001100
00001100
Generation 20
00000000
00110000
00100000
00000100
00001100
Generation 21
00000000
00110000
00110000
00001100
00001100
Generation 22
00000000
00110000
00100000
00000100
00001100
Generation 23
00000000
00110000
00110000
00001100
00001100
Generation 24
00000000
00110000
00100000
00000100
00001100
Generation 25
00000000
00110000
00110000
00001100
00001100
Generation 26
00000000
00110000
00100000
00000100
00001100
Generation 27
00000000
00110000
00110000
00001100
00001100
Generation 28
00000000
00110000
00100000
00000100
00001100
Generation 29
00000000
00110000
00110000
00001100
00001100
Generation 30
00000000
00110000
00100000
00000100
00001100
Generation 31
00000000
00110000
00110000
00001100
00001100
Generation 32
00000000
00110000
00100000
00000100
00001100
Generation 33
00000000
00110000
00110000
00001100
00001100
Generation 34
00000000
00110000
00100000
00000100
00001100
Generation 35
00000000
00110000
00110000
00001100
00001100
Generation 36
00000000
00110000
00100000
00000100
00001100
Generation 37
00000000
00110000
00110000
00001100
00001100
Generation 38
00000000
00110000
00100000
00000100
00001100
Generation 39
00000000
00110000
00110000
00001100
00001100
Generation 40
00000000
00110000
00100000
00000100
00001100
Generation 41
00000000
00110000
00110000
00001100
00001100
Generation 42
00000000
00110000
00100000
00000100
00001100
Generation 43
00000000
00110000
00110000
00001100
00001100
Generation 44
00000000
00110000
00100000
00000100
00001100
Generation 45
00000000
00110000
00110000
00001100
00001100
Generation 46
00000000
00110000
00100000
00000100
00001100
Generation 47
00000000
00110000
00110000
00001100
00001100
Generation 48
00000000
00110000
00100000
00000100
00001100
Generation 49
00000000
00110000
00110000
00001100
00001100
Generation 50
00000000
00110000
00100000
00000100
00001100
Generation 51
00000000
00110000
00110000
00001100
00001100
Generation 52
00000000
00110000
00100000
00000100
00001100
Generation 53
00000000
00110000
00110000
00001100
00001100
